26  1    1
26  2    2
27  3    3
29  3    4
31  2    5
32  3    6
33  1    7
34  1    8
35  1    9
2   0    10
3   0    11
3   1    12
5   0    13
5   2    14
6   0    15
6   2    16
7   1    17
8  1    18
9   3    19
11  1    20
12  1    21
13  4    22
14  4    23
16  1    24
16  3    25
17  1    26
17  3    27
17  7    28
17  4    40
18  1    29
18  3    30
18  4    39
19  0    31
19  1    32
21  4    33
22  1    34
40  4    35
41  4    36
38  1    37
39  1    38
25  3    41
37  1    42
36  3    43
15  6    44
24  5    45
42  1    7